M <- 5524
J <- 5
T <- 3
E <- 1
G <- 3
N <- 
c(253, 389, 464)
ii <- 
c(490, 1, 5, 52, 4, 59, 34, 9, 785, 83, 290, 113,
415, 78, 337, 22, 38, 207, 103, 439, 250, 189, 289, 283,
46, 327, 591, 252, 209, 575, 478, 483, 781, 997, 1046,
377, 82, 981, 570, 915, 245, 826, 6, 12, 3, 11, 17, 18,
60, 61, 94, 233, 340, 463, 367, 371, 341, 689, 192, 87,
914, 355, 25, 734, 912, 506, 565, 348, 384, 787, 8, 29,
145, 422, 823, 275, 832, 833, 572, 900, 684, 953, 1040,
794, 1023, 735, 302, 190, 13, 62, 419, 134, 160, 28, 37,
72, 115, 92, 170, 229, 477, 397, 347, 116, 566, 84, 73,
27, 99, 266, 278, 259, 778, 792, 449, 664, 420, 904, 270,
433, 132, 285, 393, 527, 186, 545, 512, 795, 237, 203,
531, 715, 957, 962, 878, 606, 540, 683, 48, 402, 825,
746, 657, 1019, 328, 956, 835, 788, 869, 960, 88, 718,
267, 1043, 807, 79, 465, 51, 265, 40, 248, 296, 197, 39,
114, 329, 23, 56, 381, 47, 336, 325, 219, 188, 26, 152,
49, 111, 446, 104, 33, 720, 368, 118, 576, 326, 217, 120,
220, 516, 530, 41, 178, 108, 57, 605, 351, 317, 363, 306,
970, 855, 853, 349, 851, 295, 634, 637, 339, 686, 205,
738, 253, 234, 828, 816, 360, 255, 42, 559, 803, 988, 81,
77, 112, 20, 53, 236, 409, 193, 586, 231, 742, 378, 373,
316, 730, 648, 546, 548, 352, 224, 414, 500, 647, 499,
1065, 681, 31, 693, 563, 212, 68, 153, 459, 148, 173,
177, 80, 784, 147, 300, 703, 428, 370, 166, 643, 127,
216, 137, 221, 65, 174, 162, 75, 232, 558, 698, 600, 641,
365, 299, 611, 486, 425, 811, 406, 608, 254, 356, 791,
628, 639, 288, 200, 268, 437, 518, 847, 616, 361, 331,
696, 181, 542, 939, 694, 364, 445, 451, 421, 485, 308,
801, 309, 398, 771, 247, 350, 580, 484, 620, 410, 493,
768, 780, 993, 971, 1009, 706, 998, 882, 375, 635, 1064,
958, 656, 836, 676, 950, 797, 949, 400, 842, 1011, 930,
388, 955, 332, 1049, 902, 941, 521, 610, 885, 798, 812,
1068, 1056, 926, 1032, 1028, 744, 2, 14, 194, 146, 19,
74, 10, 577, 131, 156, 199, 416, 136, 164, 110, 191, 95,
167, 372, 144, 165, 291, 66, 58, 171, 172, 169, 150, 184,
323, 128, 293, 303, 298, 714, 263, 452, 587, 901, 653,
917, 476, 292, 395, 609, 90, 392, 520, 717, 333, 386,
707, 362, 391, 338, 123, 736, 261, 633, 539, 91, 330,
444, 175, 401, 931, 151, 379, 435, 412, 119, 441, 301,
557, 185, 796, 272, 313, 547, 822, 645, 959, 894, 854,
748, 893, 674, 952, 677, 543, 739, 692, 524, 583, 747,
711, 937, 1075, 163, 757, 1053, 726, 195, 879, 774, 260,
843, 284, 592, 697, 448, 456, 775, 814, 710, 858, 1020,
614, 908, 675, 182, 55, 287, 256, 54, 121, 359, 201, 155,
124, 109, 71, 159, 235, 376, 246, 581, 390, 488, 569,
528, 438, 334, 310, 975, 467, 574, 139, 161, 466, 426,
440, 369, 646, 568, 262, 133, 407, 724, 387, 815, 366,
767, 1029, 708, 1017, 827, 636, 651, 627, 868, 737, 992,
335, 588, 760, 983, 884, 607, 1050, 322, 793, 974, 1013,
872, 994, 671, 1004, 1059, 695, 838, 89, 16, 650, 304,
176, 45, 211, 21, 553, 479, 471, 196, 210, 97, 571, 834,
226, 470, 294, 208, 716, 125, 354, 857, 204, 218, 582,
750, 850, 756, 431, 640, 180, 892, 399, 346, 454, 523,
802, 898, 613, 474, 297, 597, 626, 813, 244, 423, 533,
595, 741, 475, 619, 564, 179, 424, 584, 831, 213, 242,
658, 666, 655, 560, 638, 457, 618, 984, 721, 713, 837,
978, 1060, 1100, 536, 1007, 919, 624, 690, 873, 590, 491,
924, 927, 935, 804, 687, 829, 453, 1084, 215, 990, 1051,
944, 925, 809, 830, 669, 909, 1086, 805, 989, 929, 719,
1052, 863, 934, 353, 24, 779, 315, 758, 578, 443, 138,
257, 202, 430, 277, 43, 64, 117, 149, 357, 35, 269, 67,
411, 344, 225, 238, 206, 280, 223, 495, 623, 883, 241,
562, 550, 105, 732, 593, 762, 511, 534, 418, 740, 513,
517, 644, 436, 312, 502, 727, 472, 765, 503, 772, 455,
345, 507, 612, 933, 1001, 596, 685, 552, 556, 522, 840,
468, 654, 979, 743, 1005, 865, 142, 759, 856, 601, 405,
1047, 945, 862, 508, 839, 537, 942, 567, 519, 44, 276,
36, 32, 102, 86, 140, 918, 525, 358, 462, 158, 143, 514,
228, 380, 632, 442, 848, 404, 594, 753, 122, 702, 733,
305, 382, 251, 745, 168, 230, 783, 432, 481, 318, 867,
921, 630, 920, 549, 383, 311, 704, 1002, 1021, 852, 861,
870, 731, 951, 1012, 864, 773, 541, 1044, 948, 754, 800,
964, 1080, 450, 987, 969, 859, 923, 749, 849, 1041, 907,
961, 324, 282, 63, 875, 130, 824, 50, 15, 30, 279, 903,
621, 126, 157, 70, 881, 497, 389, 585, 154, 403, 458,
659, 187, 427, 846, 271, 501, 532, 603, 554, 728, 492,
243, 599, 529, 874, 808, 222, 876, 374, 555, 888, 342,
895, 447, 722, 709, 429, 394, 673, 880, 770, 273, 240,
668, 1078, 1025, 1026, 487, 790, 995, 1027, 1083, 946,
1082, 845, 967, 1067, 1072, 1074, 999, 755, 968, 1087,
1103, 1039, 761, 1085, 1104, 906, 509, 877, 1036, 1024,
860, 938, 996, 1034, 319, 1099, 434, 1030, 1069, 947,
1105, 786, 1079, 1022, 538, 1038, 871, 932, 725, 642,
1031, 1090, 1095, 1106, 660, 896, 769, 789, 494, 752,
810, 820, 625, 985, 982, 891, 817, 1003, 936, 662, 1014,
1033, 1097, 1098, 1066, 965, 661, 76, 98, 691, 461, 314,
417, 96, 69, 806, 107, 764, 129, 504, 705, 678, 679, 320,
729, 723, 413, 498, 561, 408, 602, 258, 615, 106, 589,
680, 665, 777, 617, 496, 670, 866, 905, 622, 887, 976,
928, 1054, 897, 940, 1091, 1045, 544, 980, 1071, 1102,
1063, 922, 482, 1042, 1058, 972, 604, 1096, 1037, 943,
819, 1016, 973, 821, 551, 631, 954, 649, 598, 763, 663,
818, 1018, 1094, 886, 1073, 672, 1092, 910, 844, 1076,
1006, 1035, 343, 1089, 1093, 1000, 889, 682, 1077, 1061,
249, 7, 274, 93, 198, 700, 85, 141, 227, 100, 101, 281,
510, 321, 307, 515, 183, 135, 385, 699, 464, 473, 911,
214, 460, 480, 489, 579, 526, 239, 396, 286, 573, 776,
766, 505, 264, 629, 841, 1055, 1088, 652, 1062, 963, 688,
1070, 913, 782, 1101, 667, 977, 991, 966, 701, 535, 1057,
890, 1081, 986, 899, 469, 712, 1008, 799, 916, 1048,
1010, 1015, 490, 1, 5, 52, 4, 59, 34, 9, 785, 83, 290,
113, 415, 78, 337, 22, 38, 207, 103, 439, 250, 189, 289,
283, 46, 327, 591, 252, 209, 575, 478, 483, 781, 997,
1046, 377, 82, 981, 570, 915, 245, 826, 6, 12, 3, 11, 17,
18, 60, 61, 94, 233, 340, 463, 367, 371, 341, 689, 192,
87, 914, 355, 25, 734, 912, 506, 565, 348, 384, 787, 8,
29, 145, 422, 823, 275, 832, 833, 572, 900, 684, 953,
1040, 794, 1023, 735, 302, 190, 13, 62, 419, 134, 160,
28, 37, 72, 115, 92, 170, 229, 477, 397, 347, 116, 566,
84, 73, 27, 99, 266, 278, 259, 778, 792, 449, 664, 420,
904, 270, 433, 132, 285, 393, 527, 186, 545, 512, 795,
237, 203, 531, 715, 957, 962, 878, 606, 540, 683, 48,
402, 825, 746, 657, 1019, 328, 956, 835, 788, 869, 960,
88, 718, 267, 1043, 807, 79, 465, 51, 265, 40, 248, 296,
197, 39, 114, 329, 23, 56, 381, 47, 336, 325, 219, 188,
26, 152, 49, 111, 446, 104, 33, 720, 368, 118, 576, 326,
217, 120, 220, 516, 530, 41, 178, 108, 57, 605, 351, 317,
363, 306, 970, 855, 853, 349, 851, 295, 634, 637, 339,
686, 205, 738, 253, 234, 828, 816, 360, 255, 42, 559,
803, 988, 81, 77, 112, 20, 53, 236, 409, 193, 586, 231,
742, 378, 373, 316, 730, 648, 546, 548, 352, 224, 414,
500, 647, 499, 1065, 681, 31, 693, 563, 212, 68, 153,
459, 148, 173, 177, 80, 784, 147, 300, 703, 428, 370,
166, 643, 127, 216, 137, 221, 65, 174, 162, 75, 232, 558,
698, 600, 641, 365, 299, 611, 486, 425, 811, 406, 608,
254, 356, 791, 628, 639, 288, 200, 268, 437, 518, 847,
616, 361, 331, 696, 181, 542, 939, 694, 364, 445, 451,
421, 485, 308, 801, 309, 398, 771, 247, 350, 580, 484,
620, 410, 493, 768, 780, 993, 971, 1009, 706, 998, 882,
375, 635, 1064, 958, 656, 836, 676, 950, 797, 949, 400,
842, 1011, 930, 388, 955, 332, 1049, 902, 941, 521, 610,
885, 798, 812, 1068, 1056, 926, 1032, 1028, 744, 2, 14,
194, 146, 19, 74, 10, 577, 131, 156, 199, 416, 136, 164,
110, 191, 95, 167, 372, 144, 165, 291, 66, 58, 171, 172,
169, 150, 184, 323, 128, 293, 303, 298, 714, 263, 452,
587, 901, 653, 917, 476, 292, 395, 609, 90, 392, 520,
717, 333, 386, 707, 362, 391, 338, 123, 736, 261, 633,
539, 91, 330, 444, 175, 401, 931, 151, 379, 435, 412,
119, 441, 301, 557, 185, 796, 272, 313, 547, 822, 645,
959, 894, 854, 748, 893, 674, 952, 677, 543, 739, 692,
524, 583, 747, 711, 937, 1075, 163, 757, 1053, 726, 195,
879, 774, 260, 843, 284, 592, 697, 448, 456, 775, 814,
710, 858, 1020, 614, 908, 675, 182, 55, 287, 256, 54,
